,depths,Eu_480.0,Ed_480.0,Eo_480.0,Eu_540.0,Ed_540.0,Eo_540.0,Eu_600.0,Ed_600.0,Eo_600.0
0,0.0,0.088207,0.11663,0.38573,0.079284,0.10758,0.35193,0.069492,0.098604,0.31668
1,0.03,0.17628,0.20464,0.78726,0.15837,0.1866,0.71119,0.13868,0.16774,0.62891
2,0.06,0.14304,0.1705,0.63512,0.12595,0.15293,0.56485,0.10643,0.13354,0.48593
3,0.09,0.11082,0.13756,0.50312,0.094599,0.12059,0.43583,0.075465,0.10109,0.35748
4,0.12000000000000001,0.098026,0.12415,0.4496,0.082267,0.10745,0.38364,0.063478,0.087938,0.30575
5,0.15000000000000002,0.094144,0.1197,0.43267,0.078628,0.10306,0.36732,0.060101,0.083506,0.28987
6,0.18000000000000002,0.090348,0.11536,0.41619,0.075102,0.098812,0.35158,0.056878,0.079283,0.2748
7,0.21000000000000002,0.086631,0.11112,0.40007,0.071676,0.0947,0.33633,0.053793,0.075248,0.26041
8,0.24000000000000002,0.082987,0.10697,0.3843,0.068345,0.090713,0.32154,0.050834,0.071391,0.24665
9,0.27,0.079414,0.10291,0.36886,0.065104,0.086844,0.30716,0.047994,0.0677,0.23347
10,0.30000000000000004,0.075907,0.098939,0.35373,0.061948,0.083088,0.29319,0.045265,0.064167,0.22083
11,0.33000000000000007,0.072464,0.09505,0.3389,0.058872,0.079441,0.2796,0.042642,0.060783,0.20871
12,0.36,0.069082,0.09124,0.32435,0.055873,0.075897,0.26637,0.040118,0.05754,0.19707
13,0.39,0.065757,0.087508,0.31007,0.052947,0.072452,0.25349,0.037687,0.05443,0.18589
14,0.42000000000000004,0.062487,0.083848,0.29605,0.050089,0.069101,0.24094,0.035344,0.051447,0.17514
15,0.45000000000000007,0.059271,0.080258,0.28228,0.047297,0.06584,0.2287,0.033083,0.048583,0.1648
16,0.48,0.056103,0.076736,0.26875,0.044566,0.062665,0.21677,0.030898,0.045832,0.15484
17,0.51,0.052983,0.073278,0.25544,0.041894,0.059571,0.20511,0.028785,0.043187,0.14524
18,0.54,0.049907,0.069882,0.24234,0.039275,0.056555,0.19372,0.026739,0.040643,0.13597
19,0.5700000000000001,0.046873,0.066544,0.22945,0.036708,0.053612,0.18258,0.024755,0.038193,0.12703
20,0.6000000000000001,0.043878,0.063261,0.21675,0.034189,0.050739,0.17168,0.022828,0.035831,0.11837
21,0.6300000000000001,0.040919,0.060032,0.20423,0.031714,0.047932,0.161,0.020954,0.033553,0.10999
22,0.66,0.037995,0.056853,0.19188,0.02928,0.045187,0.15053,0.019129,0.031352,0.10187
23,0.6900000000000001,0.035102,0.053721,0.17969,0.026884,0.042501,0.14025,0.017348,0.029224,0.093971
24,0.7200000000000001,0.032238,0.050632,0.16764,0.024521,0.039868,0.13014,0.015605,0.027162,0.086282
25,0.7500000000000001,0.029397,0.047584,0.1557,0.022188,0.037285,0.12018,0.013895,0.025159,0.078761
26,0.7800000000000001,0.026574,0.044567,0.14381,0.019873,0.03474,0.11027,0.012207,0.023205,0.071318
27,0.81,0.024522,0.042279,0.13479,0.018204,0.032791,0.10267,0.011004,0.021683,0.065504
28,0.8400000000000001,0.023847,0.041433,0.13167,0.017672,0.032057,0.10006,0.010642,0.021092,0.063523
29,0.8700000000000001,0.023181,0.040598,0.12861,0.01715,0.031337,0.09752,0.01029,0.020518,0.061625
30,0.9000000000000001,0.022521,0.039775,0.12559,0.016635,0.03063,0.095035,0.0099465,0.01996,0.059791
31,0.93,0.021867,0.038961,0.12262,0.016127,0.029934,0.092597,0.0096106,0.019415,0.058009
32,0.9600000000000001,0.021219,0.038157,0.11968,0.015626,0.029251,0.0902,0.0092818,0.018883,0.056274
33,0.9900000000000001,0.020576,0.037361,0.11677,0.015131,0.028578,0.087841,0.0089595,0.018365,0.054581
34,1.02,0.019939,0.036575,0.11389,0.014641,0.027915,0.085517,0.0086433,0.017858,0.052928
35,1.05,0.019305,0.035797,0.11104,0.014157,0.027262,0.083226,0.0083329,0.017363,0.051312
36,1.08,0.018677,0.035027,0.10822,0.013678,0.026619,0.080967,0.0080281,0.016879,0.049732
37,1.11,0.018053,0.034265,0.10542,0.013204,0.025986,0.078738,0.0077284,0.016405,0.048184
38,1.1400000000000001,0.017432,0.03351,0.10265,0.012735,0.025361,0.076537,0.0074338,0.015943,0.046669
39,1.1700000000000002,0.016816,0.032764,0.0999,0.01227,0.024746,0.074365,0.0071439,0.01549,0.045184
40,1.2000000000000002,0.016204,0.032024,0.097173,0.01181,0.024139,0.072218,0.0068586,0.015047,0.043728
41,1.2300000000000002,0.015595,0.031292,0.094469,0.011354,0.023541,0.070098,0.0065777,0.014614,0.0423
42,1.2600000000000002,0.01499,0.030566,0.091786,0.010901,0.02295,0.068001,0.0063009,0.014189,0.040899
43,1.29,0.014388,0.029848,0.089123,0.010453,0.022368,0.065929,0.0060281,0.013774,0.039524
44,1.32,0.013789,0.029136,0.086479,0.010008,0.021794,0.063879,0.005759,0.013367,0.038173
45,1.35,0.013193,0.02843,0.083855,0.0095664,0.021226,0.061851,0.0054936,0.012969,0.036847
46,1.3800000000000001,0.0126,0.02773,0.081247,0.0091281,0.020667,0.059844,0.0052315,0.012578,0.035543
47,1.4100000000000001,0.012009,0.027037,0.078658,0.008693,0.020114,0.057858,0.0049727,0.012196,0.034262
48,1.4400000000000002,0.011421,0.026349,0.076084,0.0082607,0.019568,0.05589,0.0047169,0.011821,0.033001
49,1.4700000000000002,0.010836,0.025667,0.073525,0.0078312,0.019029,0.053941,0.004464,0.011453,0.03176
50,1.5000000000000002,0.010253,0.024991,0.070981,0.0074043,0.018496,0.052009,0.0042138,0.011092,0.030539
51,1.5300000000000002,0.0096712,0.024319,0.06845,0.0069796,0.017969,0.050092,0.0039661,0.010738,0.029336
52,1.56,0.0090916,0.023653,0.06593,0.0065571,0.017449,0.048191,0.0037207,0.010391,0.028149
53,1.59,0.0085134,0.022992,0.06342,0.0061365,0.016934,0.046304,0.0034774,0.01005,0.026979
54,1.62,0.0079365,0.022335,0.060919,0.0057176,0.016424,0.044428,0.0032361,0.0097152,0.025823
55,1.6500000000000001,0.0073606,0.021682,0.058424,0.0053,0.01592,0.042562,0.0029964,0.009386,0.02468
56,1.6800000000000002,0.0067852,0.021033,0.055933,0.0048835,0.01542,0.040705,0.0027582,0.0090623,0.023549
57,1.7100000000000002,0.00621,0.020387,0.053442,0.0044678,0.014925,0.038853,0.0025212,0.0087437,0.022429
58,1.7400000000000002,0.0056344,0.019744,0.050946,0.0040523,0.014434,0.037003,0.002285,0.00843,0.021316
59,1.7700000000000002,0.0050577,0.019103,0.048441,0.0036366,0.013946,0.035151,0.0020493,0.0081207,0.020208
60,1.8000000000000003,0.0044792,0.018464,0.045918,0.00322,0.013461,0.033291,0.0018137,0.0078154,0.019102
61,1.83,0.0038976,0.017825,0.043367,0.0028016,0.012978,0.031415,0.0015776,0.0075134,0.017992
62,1.86,0.0033114,0.017184,0.04077,0.0023801,0.012495,0.029511,0.0013401,0.0072142,0.016873
63,1.8900000000000001,0.0027181,0.01654,0.038103,0.0019538,0.012012,0.02756,0.0011003,0.0069165,0.015732
64,1.9200000000000002,0.0021138,0.015888,0.035318,0.0015199,0.011525,0.025529,0.00085633,0.0066189,0.014551
65,1.9500000000000002,0.0014913,0.015222,0.03232,0.0010729,0.011029,0.023349,0.00060522,0.0063184,0.013292
66,1.9800000000000002,0.00083275,0.014524,0.028809,0.00059991,0.010512,0.020804,0.00033938,0.0060079,0.011832
67,2.0100000000000002,0.000426,0.013244,0.023734,0.00030767,0.0095837,0.017151,0.00017482,0.0054708,0.0097573
68,2.04,0.00042565,0.013236,0.023716,0.00030741,0.0095783,0.017138,0.00017467,0.0054677,0.0097497
69,2.07,0.00042529,0.013229,0.023697,0.00030716,0.0095729,0.017124,0.00017453,0.0054647,0.0097422
70,2.1,0.00042493,0.013221,0.023679,0.0003069,0.0095675,0.017111,0.00017439,0.0054616,0.0097347
71,2.13,0.00042458,0.013214,0.02366,0.00030664,0.0095621,0.017098,0.00017424,0.0054585,0.0097271
72,2.16,0.00042423,0.013206,0.023642,0.00030639,0.0095567,0.017084,0.0001741,0.0054555,0.0097197
73,2.19,0.00042387,0.013199,0.023624,0.00030614,0.0095514,0.017071,0.00017395,0.0054524,0.0097122
74,2.22,0.00042352,0.013192,0.023605,0.00030588,0.009546,0.017058,0.00017381,0.0054494,0.0097047
75,2.25,0.00042317,0.013184,0.023587,0.00030563,0.0095406,0.017045,0.00017367,0.0054463,0.0096973
76,2.28,0.00042281,0.013177,0.023569,0.00030537,0.0095353,0.017031,0.00017352,0.0054433,0.0096898
77,2.31,0.00042246,0.013169,0.02355,0.00030512,0.0095299,0.017018,0.00017338,0.0054402,0.0096824
78,2.34,0.00042211,0.013162,0.023532,0.00030487,0.0095246,0.017005,0.00017324,0.0054372,0.0096749
79,2.37,0.00042176,0.013154,0.023514,0.00030462,0.0095192,0.016992,0.0001731,0.0054342,0.0096676
80,2.4,0.00042141,0.013147,0.023496,0.00030436,0.0095139,0.016979,0.00017295,0.0054311,0.0096602
81,2.43,0.00042106,0.01314,0.023478,0.00030411,0.0095086,0.016966,0.00017281,0.0054281,0.0096528
82,2.46,0.00042071,0.013132,0.02346,0.00030386,0.0095032,0.016953,0.00017267,0.0054251,0.0096454
83,2.49,0.00042037,0.013125,0.023442,0.00030361,0.0094979,0.01694,0.00017253,0.005422,0.0096381
84,2.52,0.00042002,0.013118,0.023424,0.00030336,0.0094926,0.016927,0.00017239,0.005419,0.0096307
85,2.55,0.00041968,0.01311,0.023405,0.00030311,0.0094872,0.016914,0.00017225,0.005416,0.0096234
86,2.58,0.00041933,0.013103,0.023388,0.00030286,0.0094819,0.016901,0.00017211,0.0054129,0.0096161
87,2.61,0.00041898,0.013095,0.02337,0.00030261,0.0094766,0.016888,0.00017197,0.0054099,0.0096088
88,2.64,0.00041864,0.013088,0.023352,0.00030237,0.0094713,0.016875,0.00017183,0.0054069,0.0096015
89,2.67,0.00041829,0.013081,0.023334,0.00030212,0.009466,0.016862,0.00017169,0.0054039,0.0095942
90,2.7,0.00041795,0.013074,0.023316,0.00030187,0.0094607,0.016849,0.00017155,0.0054009,0.009587
91,2.73,0.00041761,0.013066,0.023298,0.00030162,0.0094554,0.016836,0.00017141,0.0053979,0.0095797
92,2.7600000000000002,0.00041727,0.013059,0.02328,0.00030138,0.0094502,0.016824,0.00017127,0.0053949,0.0095725
93,2.79,0.00041693,0.013052,0.023263,0.00030113,0.0094448,0.016811,0.00017113,0.0053918,0.0095653
94,2.82,0.00041658,0.013044,0.023245,0.00030089,0.0094396,0.016798,0.00017099,0.0053888,0.009558
95,2.85,0.00041624,0.013037,0.023227,0.00030064,0.0094343,0.016785,0.00017085,0.0053859,0.0095508
96,2.88,0.0004159,0.01303,0.02321,0.0003004,0.009429,0.016772,0.00017072,0.0053829,0.0095436
97,2.91,0.00041556,0.013022,0.023192,0.00030015,0.0094237,0.01676,0.00017058,0.0053798,0.0095364
98,2.94,0.00041523,0.013015,0.023174,0.00029991,0.0094185,0.016747,0.00017044,0.0053769,0.0095293
99,2.97,0.00041489,0.013008,0.023157,0.00029966,0.0094132,0.016734,0.0001703,0.0053739,0.0095221
100,3.0,0.00041455,0.013001,0.023139,0.00029942,0.009408,0.016722,0.00017017,0.0053709,0.009515
